94
6
91
80
35
28
89
40
76
52
77
29
97
49
52
63
29
61
83
51
21
99
10
12
40
15
80
13
24
1
60
14
71
63
91
95
51
36
62
47
55
27
76
33
19
91
79
78
39
91
68
81
39
92
43
85
65
58
95
68
35
89
22
33
82
88
44
16
68
35
63
73
28
72
93
93
43
3
53
66
51
76
37
53
26
85
90
97
23
6
45
2
6
34
89
66
19
8
96
65
73
79
24
17
52
5
95
7
74
16
79
12
73
15
24
58
23
29
36
74
38
68
93
98
76
49
12
10
90
16
41
55
27
18
22
44
30
78
28
61
43
64
88
14
92
95
21
83
87
92
83
74
3
62
74
87
57
99
30
75
53
9
68
45
57
55
35
81
91
39
16
18
59
92
0
7
87
5
99
12
88
20
99
15
5
75
57
81
46
20
6
7
52
13
9
75
69
41
4
62
18
71
30
48
48
67
23
83
59
34
0
43
84
33
45
94
59
47
11
71
54
28
97
51
65
22
63
7
23
32
31
70
22
62
24
64
7
88
83
16
49
66
98
90
74
54
79
20
86
91
94
77
38
68
12
69
76
91
95
43
18
33
82
0
98
18
32
28
77
28
66
59
57
36
11
9
68
87
26
8
53
25
65
68
92
20
74
32
73
62
60
18
34
63
93
42
9
33
28
36
64
10
7
15
25
60
65
39
33
49
81
83
62
90
93
32
36
13
12
49
22
17
72
83
49
60
13
72
68
18
29
49
84
46
49
86
27
16
57
49
87
90
90
44
69
78
45
5
5
13
80
65
30
38
9
9
86
47
21
70
98
44
4
72
86
11
29
77
78
0
41
13
89
33
98
63
72
32
24
39
82
42
55
20
51
62
88
15
48
76
65
26
15
53
38
23
43
31
40
20
71
78
67
10
61
19
22
30
83
62
77
25
3
65
81
34
87
35
29
82
22
48
16
92
9
7
82
23
59
61
52
60
16
47
88
30
36
59
52
57
58
50
15
18
88
31
65
87
66
34
18
85
65
26
30
0
0
56
70
61
18
68
6
3
15
67
80
71
36
40
51
64
61
84
53
0
64
31
69
80
68
91
55
64
26
73
30
38
38
1
51
83
51
70
3
57
14
53
64
59
61
41
66
87
86
79
16
47
60
26
79
77
75
63
58
87
32
93
99
65
59
81
79
93
55
49
93
55
92
23
93
73
54
86
70
39
19
90
67
25
90
76
78
45
18
96
88
46
94
47
21
53
33
76
89
94
95
85
43
46
73
92
63
21
22
59
64
7
5
99
47
44
58
81
57
71
1
40
24
41
14
45
63
38
81
4
51
48
12
94
27
47
74
89
36
88
29
15
96
63
79
48
44
17
93
88
77
60
92
0
34
1
24
56
56
5
59
67
59
64
19
37
10
86
60
21
91
65
36
47
19
62
55
56
40
33
96
68
69
80
76
5
34
64
88
32
69
66
20
52
3
99
35
75
81
43
3
19
56
91
24
29
43
49
39
7
61
10
91
64
46
11
16
1
94
22
12
17
62
20
16
28
18
92
71
62
68
25
75
21
33
70
26
44
64
67
30
40
52
20
34
93
1
53
63
26
22
72
58
52
92
81
47
58
16
58
25
46
92
5
94
88
5
58
13
24
15
10
5
59
18
80
29
75
31
92
74
73
57
0
77
75
47
16
86
96
9
61
71
24
8
4
92
48
19
7
46
50
82
70
29
48
0
2
4
35
34
73
95
82
53
61
88
51
7
25
25
84
52
66
32
60
85
84
46
12
64
0
43
30
16
45
21
39
51
3
12
76
94
31
52
66
21
58
88
11
65
13
37
8
12
60
32
65
43
45
69
34
84
98
9
76
93
17
27
74
9
80
23
27
10
94
78
66
18
73
84
77
19
14
13
59
75
2
67
57
50
62
51
63
71
83
84
93
74
38
80
9
38
37
78
22
92
57
82
40
53
70
63
59
38
10
92
17
52
4
6
86
91
68
78
78
27
39
36
39
74
80
10
60
86
32
10
64
37
44
35
17
17
88
7
28
77
76
61
59
2
77
81
83
62
67
23
87
64
56
29
14
93
77
50
22
94
65
28
19
27
47
10
88
10
53
34
32
67
15
83
19
40
71
89
82
46
66
53
99
20
86
11
77
95
4
17
68
65
80
28
90
0
18
29
13
85
19
48
48
74
12
30
57
24
22
29
47
46
67
88
43
90
6
5
2
8
95
97
74
53
45
39
31
80
15
86
10
96
60
10
42
14
38
78
68
85
43
35
18
28
52
98
87
80
9
5
34
42
51
34
21
65
23
44
69
19
26
0
54
46
71
64
62
95
67
55
28
87
35
72
3
74
26
62
28
18
0
50
96
82
8
92
92
19
87
90
10
91
93
35
38
47
96
7
67
80
20
56
83
60
45
40
46
7
62
77
21
18
41
3
89
69
50
37
51
61
36
62
91
36
24
18
17
95
38
90
85
46
54
86
45
11
22
82
15
54
27
87
67
92
14
63
17
88
1
88
69
0
38
72
18
29
80
26
9
92
36
99
0
43
58
30
45
44
27
21
26
64
88
94
46
9
47
73
41
23
84
89
54
22
24
52
53
74
14
1
12
77
38
21
41
13
2
24
18
63
33
32
17
78
46
72
67
24
89
52
69
61
65
78
93
67
21
61
72
11
3
19
24
29
55
92
77
16
12
79
52
47
81
0
59
23
70
13
78
42
92
51
78
4
57
32
95
9
58
53
86
74
63
32
51
38
79
98
64
65
97
51
98
76
14
8
6
58
10
12
19
24
98
32
86
66
46
8
57
31
43
26
58
71
47
64
3
26
3
30
15
0
11
90
70
55
98
93
39
85
14
86
38
32
85
78
9
15
64
30
72
6
84
55
37
44
74
54
71
39
80
55
35
48
66
90
88
25
10
32
11
33
6
12
56
92
4
50
34
93
37
14
69
39
81
82
73
34
74
15
3
31
89
44
59
41
80
56
14
76
79
77
3
5
56
38
80
3
64
44
74
1
40
57
71
43
53
98
39
52
76
69
45
92
13
8
48
39
53
76
0
73
20
64
24
53
73
36
28
63
3
16
29
96
4
72
4
0
22
3
5
99
53
54
56
44
61
86
79
21
14
53
34
19
97
92
17
54
59
63
50
80
86
47
74
29
8
94
26
43
49
51
42
8
93
70
65
39
71
25
87
94
56
41
2
42
32
53
11
14
10
56
75
62
54
70
33
49
57
22
99
5
75
99
32
14
48
35
82
4
32
76
5
79
21
48
35
60
62
55
39
47
2
5
28
4
12
10
50
52
47
99
72
61
51
97
32
63
37
62
84
4
17
5
77
48
25
82
94
94
23
21
67
97
25
46
50
50
74
38
36
63
81
60
1
27
90
67
78
32
44
79
27
69
79
94
54
31
59
72
26
26
96
21
47
74
53
32
26
74
51
4
90
93
2
73
32
26
3
21
1
8
48
12
76
57
83
46
94
46
83
9
41
65
4
64
16
78
81
22
84
58
1
16
60
75
69
10
25
95
72
89
31
90
28
91
82
48
64
93
66
41
25
86
26
6
17
88
43
33
95
75
95
86
18
98
42
64
65
16
90
14
11
0
21
9
26
89
82
23
68
80
14
19
68
38
62
84
92
67
38
9
57
96
98
35
74
99
50
63
89
9
84
74
44
1
45
97
16
59
15
97
89
23
93
31
31
10
82
67
16
15
25
90
29
98
84
11
10
41
78
15
65
83
28
47
84
85
82
19
69
91
4
84
92
71
55
33
11
71
72
67
46
27
21
12
4
68
8
14
25
88
90
99
84
92
64
9
93
13
46
3
3
61
29
58
60
83
61
43
24
45
46
34
22
52
3
90
42
20
23
26
28
13
30
46
29
62
75
49
63
14
84
90
41
10
17
52
28
7
73
40
11
40
55
18
68
0
84
57
29
11
89
82
84
67
70
79
99
61
65
73
72
74
73
88
81
9
79
88
96
69
75
84
14
83
20
1
1
72
41
48
33
55
35
4
9
77
94
32
19
68
12
91
55
81
44
25
18
69
76
55
54
91
64
12
81
47
59
53
39
86
13
28
46
57
10
77
57
25
32
44
76
83
38
75
88
67
79
4
73
78
51
98
45
10
15
67
51
77
16
11
7
40
26
93
56
6
91
54
33
49
6
0
94
71
95
84
93
1
52
74
32
40
83
77
59
38
51
50
78
14
82
62
87
65
44
6
59
42
93
4
17
96
62
0
39
46
77
40
36
44
95
60
61
56
84
72
89
5
68
16
26
17
17
81
6
1
13
54
24
97
42
16
56
15
23
99
67
50
19
51
24
23
40
17
24
92
10
64
89
81
45
23
96
20
18
73
52
98
22
74
84
40
12
96
74
68
89
15
25
95
11
7
99
48
6
59
2
29
19
65
84
24
4
23
67
1
13
74
81
56
50
51
81
71
44
3
13
57
98
8
68
15
77
63
72
59
55
4
9
35
52
84
12
11
67
88
19
56
23
30
74
78
6
78
58
87
5
5
88
82
30
4
42
18
28
49
96
72
92
77
74
32
65
44
88
31
78
16
57
67
49
92
92
36
11
29
34
98
55
52
42
4
0
60
33
55
57
19
98
59
11
29
44
33
66
71
74
10
66
65
75
13
80
11
73
26
52
55
13
72
54
58
59
3
94
39
88
43
49
6
90
14
78
80
84
49
30
87
77
38
10
2
6
44
58
17
12
80
1
55
12
51
63
20
15
51
90
81
52
35
28
10
70
56
62
14
42
99
98
16
79
31
97
49
78
56
0
9
65
81
28
51
1
56
40
27
29
88
71
16
15
17
58
55
14
63
16
25
20
67
18
29
52
40
49
68
91
18
81
13
79
50
21
83
10
31
26
48
99
69
96
32
94
73
16
21
6
42
75
69
56
2
48
85
45
85
70
3
85
71
86
6
40
89
56
61
32
56
51
66
75
23
15
73
66
74
45
37
86
73
85
62
4
27
68
48
43
91
13
65
57
54
56
78
97
95
85
85
20
63
78
30
13
56
47
3
25
21
54
26
51
57
93
56
84
77
34
78
34
59
8
78
56
60
92
11
75
22
7
43
0
55
14
15
23
42
9
88
66
89
39
10
33
68
85
90
54
8
50
65
52
65
2
47
37
33
99
94
41
86
28
84
32
72
5
35
76
20
49
55
56
71
24
42
14
77
39
88
20
51
30
74
37
64
39
56
66
89
66
23
47
25
45
57
50
69
15
12
28
73
68
28
17
53
12
93
11
3
5
45
13
65
35
80
97
50
90
43
41
40
78
89
75
75
42
37
41
32
63
29
89
20
90
95
3
96
58
36
73
37
82
77
90
97
10
60
66
55
24
46
3
94
71
65
29
31
8
62
42
42
39
94
17
93
36
66
23
20
54
95
47
85
67
29
31
54
74
8
95
43
80
10
51
34
2
48
87
5
7
5
63
90
70
25
68
6
53
75
74
89
46
84
69
55
89
65
58
30
28
85
92
45
7
2
47
97
41
81
41
16
35
38
22
63
72
26
84
39
28
79
64
38
80
53
38
50
67
7
28
34
52
80
91
42
16
16
89
41
7
93
97
27
83
46
92
80
97
5
75
90
99
11
99
29
85
31
22
32
55
48
43
9
63
74
88
55
30
98
18
76
16
8
56
87
79
27
0
66
14
3
94
10
99
21
33
79
95
48
39
66
68
74
28
88
21
89
37
54
81
9
20
29
29
29
86
13
12
97
71
4
3
73
77
45
71
61
96
11
41
47
17
36
2
17
42
56
39
80
89
56
67
62
40
22
9
51
66
79
53
48
2
36
39
46
48
60
19
48
94
4
45
99
94
45
77
61
66
82
13
27
16
44
8
36
98
99
13
2
47
29
86
85
2
38
85
16
11
96
82
52
85
0
40
77
55
69
16
59
57
74
11
40
38
8
23
96
52
83
15
62
26
48
99
86
26
89
34
59
10
81
11
65
41
81
92
5
72
5
87
75
14
50
31
9
15
28
81
35
93
70
15
17
33
6
81
35
6
67
33
58
38
46
72
35
8
86
18
96
90
36
44
5
35
3
27
79
34
11
20
76
22
99
95
29
97
27
47
10
88
46
59
42
15
23
14
18
93
66
57
69
87
29
4
46
47
12
40
75
6
52
99
92
1
67
82
86
39
1
51
45
30
36
28
96
29
47
61
23
79
51
60
8
13
26
2
91
16
9
88
0
83
41
53
45
24
12
52
54
83
0
60
60
0
65
30
3
37
83
92
49
37
33
6
22
9
92
3
16
25
46
46
38
17
41
92
69
29
52
19
26
69
76
49
14
74
27
4
97
16
46
75
89
89
13
23
33
17
88
80
59
36
20
50
23
93
48
31
76
38
43
76
55
1
22
10
77
10
57
22
27
57
61
66
56
96
35
52
46
8
2
74
96
80
77
73
48
94
74
49
28
63
32
22
89
35
65
39
32
57
20
5
87
44
56
73
69
29
68
72
12
22
96
22
32
83
99
98
65
10
17
6
73
97
56
50
3
61
54
56
54
81
57
77
72
89
21
53
57
31
73
57
98
14
63
53
98
25
81
52
17
78
78
20
98
0
47
49
6
72
99
77
8
67
55
19
32
90
79
0
32
59
94
45
15
37
90
33
83
41
55
97
24
49
68
5
58
3
40
66
64
57
26
42
53
63
40
47
2
86
91
47
5
34
70
32
44
48
78
86
17
5
28
18
91
64
64
92
39
82
40
22
3
62
1
24
33
5
70
67
0
57
67
59
2
93
60
1
82
2
47
75
30
85
14
64
58
24
30
74
83
75
77
58
25
8
53
66
5
12
99
41
55
73
98
1
10
58
53
7
71
61
60
66
10
1
29
51
38
67
93
58
8
82
53
80
58
62
16
92
96
82
0
13
23
86
89
90
80
19
23
80
61
56
21
59
63
61
57
80
59
10
5
28
24
90
64
66
65
33
91
82
58
8
72
89
59
17
93
69
25
15
71
30
19
74
49
46
62
57
65
31
85
7
81
75
5
52
24
66
84
31
8
75
48
54
95
90
91
78
97
95
96
97
81
72
11
91
81
30
71
58
27
50
13
76
16
41
99
32
17
85
6
57
3
65
5
2
1
58
53
60
78
89
52
6
99
92
88
5
22
63
90
50
33
71
76
84
24
13
26
59
82
40
52
1
64
46
48
40
80
68
71
36
9
48
85
55
91
39
2
35
53
3
41
44
94
98
42
84
48
28
80
21
78
67
44
61
25
44
29
8
58
22
50
54
56
45
52
55
86
98
94
8
9
42
2
9
50
13
44
6
53
42
39
97
45
14
85
42
86
16
23
8
76
85
50
14
15
37
14
70
69
43
34
59
94
49
4
2
9
1
66
56
97
25
11
3
27
69
18
78
40
38
57
61
70
13
0
34
99
71
93
26
19
76
62
43
44
48
82
27
71
34
81
64
30
68
16
20
5
71
13
52
28
73
54
83
59
68
40
72
52
17
64
75
31
13
61
16
76
47
46
7
4
12
48
9
41
64
40
10
93
8
7
95
11
85
61
44
32
42
97
85
96
65
90
78
6
49
44
6
77
51
80
58
75
18
14
30
70
32
3
98
97
22
34
67
53
18
46
47
46
32
95
17
58
41
97
14
93
67
75
76
80
34
45
89
58
4
77
89
13
9
26
99
93
44
44
52
79
3
41
86
94
33
90
83
48
29
38
16
87
41
31
90
75
41
12
69
91
67
62
13
16
82
79
62
42
20
12
27
66
39
2
26
77
3
86
8
48
89
91
74
97
16
85
98
74
87
84
81
20
8
4
39
73
58
49
14
53
72
25
40
62
98
40
68
54
96
16
74
92
75
88
27
18
64
47
62
46
53
15
76
49
60
81
42
21
71
34
56
49
10
73
47
95
94
85
52
73
72
24
6
32
22
79
55
18
93
46
69
3
55
95
6
39
9
8
64
22
23
83
1
91
31
33
43
77
57
37
45
51
67
70
95
8
68
86
43
60
61
32
26
10
45
99
92
80
51
29
34
97
14
57
48
53
76
5
31
5
70
75
56
59
1
9
64
7
24
11
34
51
91
34
53
55
39
26
26
11
86
42
45
8
89
5
40
82
65
65
56
76
20
64
85
89
30
42
12
72
4
66
21
36
95
26
28
27
40
84
66
78
52
39
67
7
40
74
26
88
45
94
79
64
24
9
33
44
43
43
46
44
19
5
20
16
27
82
3
80
86
2
5
94
67
52
38
28
25
11
16
39
69
70
30
80
65
89
97
99
23
41
23
3
77
38
13
47
96
1
38
64
23
38
35
8
43
28
11
76
2
17
89
63
25
7
17
1
79
10
5
75
16
25
11
91
16
78
46
72
34
99
28
14
94
7
97
67
25
93
87
39
91
81
45
24
28
6
96
45
62
63
45
77
53
36
56
67
34
51
84
11
58
5
64
82
52
29
96
15
71
58
51
48
19
15
39
75
87
28
99
84
10
9
21
85
1
4
83
22
93
78
47
76
53
35
85
36
98
85
24
42
49
33
96
72
48
16
77
15
64
78
98
84
38
33
52
17
84
60
72
21
96
27
44
43
90
88
75
56
36
90
45
77
85
80
95
32
51
98
16
80
40
65
31
20
49
45
28
76
45
3
20
9
57
63
57
50
40
58
60
1
19
43
83
77
54
9
77
55
24
53
13
74
19
16
2
71
0
24
56
35
45
57
51
7
23
99
89
39
38
16
17
42
89
73
93
85
80
38
96
56
41
67
33
64
82
94
65
51
64
43
76
59
75
13
28
26
68
0
49
22
96
28
13
39
64
55
89
24
96
28
23
76
84
39
99
30
29
21
75
5
68
62
30
60
46
73
26
6
99
58
19
89
32
7
39
82
9
17
58
79
95
84
72
70
39
78
85
58
40
89
1
98
21
68
34
39
74
68
87
9
25
11
50
50
97
21
23
29
21
74
6
24
31
7
36
65
67
10
80
36
0
55
84
87
14
5
44
13
5
87
70
45
19
28
84
73
55
57
66
55
99
47
65
66
40
26
84
31
9
25
51
13
40
79
42
1
0
57
43
59
68
82
46
66
41
15
18
14
90
15
1
70
0
58
96
4
44
6
82
86
75
27
83
43
19
46
78
52
36
97
15
35
41
30
47
26
25
2
13
19
15
42
74
95
13
89
22
58
31
55
54
75
66
96
95
18
97
12
74
42
36
12
74
35
78
89
77
64
51
97
2
49
15
56
83
73
40
64
59
49
49
58
79
48
99
82
44
54
76
61
68
1
33
84
57
14
38
79
62
61
17
29
33
3
61
79
24
72
14
23
47
0
20
26
36
32
60
55
18
35
39
64
60
72
68
64
54
71
51
80
28
14
67
54
78
89
64
0
24
13
2
21
64
87
65
80
13
25
88
0
36
17
61
20
47
44
31
14
59
2
37
93
9
0
92
76
35
59
7
25
97
89
96
64
86
35
85
61
63
70
38
15
69
17
89
33
84
28
77
65
93
37
1
33
64
32
68
62
15
97
31
32
65
38
44
43
45
48
97
88
12
58
57
73
10
22
99
48
23
10
48
87
93
86
66
45
41
34
30
82
31
93
88
22
92
95
45
57
36
38
31
38
48
34
73
62
37
70
27
59
73
18
69
88
69
37
77
29
28
65
38
42
64
94
43
56
37
11
94
22
14
62
89
48
24
45
5
78
97
8
89
85
49
32
11
39
9
11
91
85
0
43
98
7
57
33
55
89
10
49
90
16
9
30
64
33
65
55
13
37
59
89
31
76
27
15
43
89
44
15
30
71
96
60
82
27
22
5
98
94
40
60
52
76
65
8
19
27
96
24
5
82
61
16
68
44
8
4
98
68
96
66
66
47
24
96
75
8
41
45
83
31
32
89
93
15
55
37
26
44
87
35
28
78
4
64
45
39
8
31
2
49
42
70
72
15
54
29
25
9
13
94
38
18
32
24
74
53
10
5
83
36
81
97
95
90
0
46
15
58
35
67
61
12
54
92
68
46
88
69
77
91
3
10
44
79
14
69
70
73
23
86
41
90
96
48
75
41
10
48
96
23
22
46
65
34
35
98
37
23
77
57
69
91
43
77
18
83
78
13
70
67
77
34
48
45
9
74
92
99
69
8
62
87
11
67
96
11
21
80
53
85
13
91
73
59
99
5
13
10
35
44
77
71
74
38
68
47
76
83
3
94
11
31
79
18
93
13
69
64
22
13
36
99
66
70
65
31
71
27
8
94
70
39
3
27
61
84
43
82
71
72
14
93
38
65
48
28
91
55
25
33
85
91
81
97
89
9
28
79
49
29
35
12
43
27
75
25
88
3
38
22
58
61
51
84
22
82
37
45
99
33
51
87
2
72
69
9
59
99
44
37
85
8
37
18
38
71
86
5
89
20
12
91
49
54
5
21
24
95
18
83
89
55
64
41
52
97
78
72
12
53
39
27
61
57
29
72
48
0
92
98
71
57
85
27
30
10
2
41
6
63
18
47
2
67
62
79
45
29
34
9
26
19
56
14
59
68
42
51
77
49
17
98
10
22
47
33
84
25
28
94
5
15
3
55
60
97
34
36
2
15
52
12
60
88
71
7
91
92
34
78
39
95
51
77
37
80
61
29
0
17
80
97
23
49
94
39
39
38
89
14
8
67
83
83
60
56
14
14
27
80
4
0
60
48
86
1
79
44
49
2
94
31
3
83
9
55
50
25
29
22
30
24
6
26
78
46
65
60
82
33
81
7
15
11
99
81
24
51
4
53
18
55
62
90
6
31
10
45
1
9
27
20
11
4
71
17
64
32
79
75
17
70
7
33
86
47
77
71
33
49
91
28
48
14
53
64
84
82
74
79
63
88
28
62
58
38
52
34
79
52
56
22
62
5
85
83
59
20
23
76
87
41
69
71
30
70
89
5
19
85
51
0
30
89
10
23
58
0
78
57
90
50
25
9
17
55
79
61
24
1
40
72
76
75
43
13
16
0
33
15
77
77
92
41
62
39
77
77
56
3
97
92
14
69
30
56
31
77
21
51
25
64
29
63
59
43
79
0
22
56
23
